   1.00000    0.07500    0.07500    0.11250    0.05625    0.00000    0.22500
   0.07500    1.00000    0.20000    0.15000    0.15000    0.30000    0.00000
   0.07500    0.20000    1.00000    0.30000    0.15000    0.30000    0.30000
   0.11250    0.15000    0.30000    1.00000    0.11250    0.45000    0.45000
   0.05625    0.15000    0.15000    0.11250    1.00000    0.22500    0.00000
   0.00000    0.30000    0.30000    0.45000    0.22500    1.00000    0.00000
   0.22500    0.00000    0.30000    0.45000    0.00000    0.00000    1.00000
